Beginning training...
Done!
Sentence: i do not think this young lady is so celtic as i had supposed .
Counts: 
                   i        do       not     think      this     young      lady        is        so    celtic        as         i       had  supposed

         i         1         1         0        14         1         0         1         3         3         0        27         1         0         0
        do         8         0         1         0         0         0         0         0         1         0         0         8         0         0
       not         0         9         0         0         0         0         0        20         0         0         1         0        15         0
     think        58         0         2         0         0         0         0         0         0         0         0        58         0         0
      this         0         1         2         3         0         0         0         3         1         0         3         0         0         0
     young         0         0         0         0         3         0         0         0         0         0         0         0         0         0
      lady         0         0         0         0         0         8         0         0         0         0         0         0         0         0
        is         0         0         0         0         7         0         1         0         0         0         2         0         0         0
        so         0         2         6         3         1         0         0         8         0         0         0         0         2         0
    celtic         0         0         0         0         0         0         0         0         1         0         0         0         0         0
        as         0         1         1         0         0         0         1         3         3         1         0         0         0         0
         i         1         1         0        14         1         0         1         3         3         0        27         1         0         0
       had        35         0         0         0         0         0         1         0         0         0         0        35         2         0
  supposed         0         0         0         0         0         0         0         0         0         0         0         0         2         0

Probabilities: 
                   i        do       not     think      this     young      lady        is        so    celtic        as         i       had  supposed

         i  0.000915  0.000915  0.000000  0.012809  0.000915  0.000000  0.000915  0.002745  0.002745  0.000000  0.024703  0.000915  0.000000  0.000000
        do  0.058824  0.000000  0.007353  0.000000  0.000000  0.000000  0.000000  0.000000  0.007353  0.000000  0.000000  0.058824  0.000000  0.000000
       not  0.000000  0.027607  0.000000  0.000000  0.000000  0.000000  0.000000  0.061350  0.000000  0.000000  0.003067  0.000000  0.046012  0.000000
     think  0.442748  0.000000  0.015267  0.000000  0.000000  0.000000  0.000000  0.000000  0.000000  0.000000  0.000000  0.442748  0.000000  0.000000
      this  0.000000  0.003401  0.006803  0.010204  0.000000  0.000000  0.000000  0.010204  0.003401  0.000000  0.010204  0.000000  0.000000  0.000000
     young  0.000000  0.000000  0.000000  0.000000  0.068182  0.000000  0.000000  0.000000  0.000000  0.000000  0.000000  0.000000  0.000000  0.000000
      lady  0.000000  0.000000  0.000000  0.000000  0.000000  0.307692  0.000000  0.000000  0.000000  0.000000  0.000000  0.000000  0.000000  0.000000
        is  0.000000  0.000000  0.000000  0.000000  0.015317  0.000000  0.002188  0.000000  0.000000  0.000000  0.004376  0.000000  0.000000  0.000000
        so  0.000000  0.009479  0.028436  0.014218  0.004739  0.000000  0.000000  0.037915  0.000000  0.000000  0.000000  0.000000  0.009479  0.000000
    celtic  0.000000  0.000000  0.000000  0.000000  0.000000  0.000000  0.000000  0.000000  1.000000  0.000000  0.000000  0.000000  0.000000  0.000000
        as  0.000000  0.001587  0.001587  0.000000  0.000000  0.000000  0.001587  0.004762  0.004762  0.001587  0.000000  0.000000  0.000000  0.000000
         i  0.000915  0.000915  0.000000  0.012809  0.000915  0.000000  0.000915  0.002745  0.002745  0.000000  0.024703  0.000915  0.000000  0.000000
       had  0.066922  0.000000  0.000000  0.000000  0.000000  0.000000  0.001912  0.000000  0.000000  0.000000  0.000000  0.066922  0.003824  0.000000
  supposed  0.000000  0.000000  0.000000  0.000000  0.000000  0.000000  0.000000  0.000000  0.000000  0.000000  0.000000  0.000000  0.285714  0.000000

Probability of sentence: 0.000000
Sentence: as to old seymour , he had to be treated differently ; he had to be left to the last .
Counts: 
                      as          to         old     seymour          he         had          to          be     treated differently          he         had          to          be        left          to         the        last

          as           0           0           0           0           0           0           0           2           1           0           0           0           0           2           0           0           0           0
          to          17           0           0           0           0          17           0           0           0           0           0          17           0           0           3           0           0           0
         old           0           3           0           0           0           0           3           0           0           0           0           0           3           0           0           3          33           0
     seymour           0           1           1           0           0           0           1           0           0           0           0           0           1           0           0           1           0           0
          he          56           0           0           1           0           2           0           0           0           1           0           2           0           0           0           0           0           2
         had           0           0           0           2         135           2           0           0           0           0         135           2           0           0           0           0           0           0
          to          17           0           0           0           0          17           0           0           0           0           0          17           0           0           3           0           0           0
          be           0          96           0           0           1           0          96           0           0           0           1           0          96           0           0          96           0           0
     treated           0           0           0           0           0           0           0           1           0           0           0           0           0           1           0           0           0           0
 differently           0           0           0           0           0           0           0           0           1           0           0           0           0           0           0           0           0           0
          he          56           0           0           1           0           2           0           0           0           1           0           2           0           0           0           0           0           2
         had           0           0           0           2         135           2           0           0           0           0         135           2           0           0           0           0           0           0
          to          17           0           0           0           0          17           0           0           0           0           0          17           0           0           3           0           0           0
          be           0          96           0           0           1           0          96           0           0           0           1           0          96           0           0          96           0           0
        left           0           0           0           0           2           5           0           2           0           0           2           5           0           2           0           0           9           0
          to          17           0           0           0           0          17           0           0           0           0           0          17           0           0           3           0           0           0
         the          50         170           0           0           2          19         170          11           0           0           2          19         170          11           3         170           1           1
        last           0           0           0           0           0           0           0           0           0           0           0           0           0           0           0           0          19           0

Probabilities: 
                      as          to         old     seymour          he         had          to          be     treated differently          he         had          to          be        left          to         the        last

          as    0.000000    0.000000    0.000000    0.000000    0.000000    0.000000    0.000000    0.003175    0.001587    0.000000    0.000000    0.000000    0.000000    0.003175    0.000000    0.000000    0.000000    0.000000
          to    0.012221    0.000000    0.000000    0.000000    0.000000    0.012221    0.000000    0.000000    0.000000    0.000000    0.000000    0.012221    0.000000    0.000000    0.002157    0.000000    0.000000    0.000000
         old    0.000000    0.023077    0.000000    0.000000    0.000000    0.000000    0.023077    0.000000    0.000000    0.000000    0.000000    0.000000    0.023077    0.000000    0.000000    0.023077    0.253846    0.000000
     seymour    0.000000    0.034483    0.034483    0.000000    0.000000    0.000000    0.034483    0.000000    0.000000    0.000000    0.000000    0.000000    0.034483    0.000000    0.000000    0.034483    0.000000    0.000000
          he    0.041268    0.000000    0.000000    0.000737    0.000000    0.001474    0.000000    0.000000    0.000000    0.000737    0.000000    0.001474    0.000000    0.000000    0.000000    0.000000    0.000000    0.001474
         had    0.000000    0.000000    0.000000    0.003824    0.258126    0.003824    0.000000    0.000000    0.000000    0.000000    0.258126    0.003824    0.000000    0.000000    0.000000    0.000000    0.000000    0.000000
          to    0.012221    0.000000    0.000000    0.000000    0.000000    0.012221    0.000000    0.000000    0.000000    0.000000    0.000000    0.012221    0.000000    0.000000    0.002157    0.000000    0.000000    0.000000
          be    0.000000    0.313726    0.000000    0.000000    0.003268    0.000000    0.313726    0.000000    0.000000    0.000000    0.003268    0.000000    0.313726    0.000000    0.000000    0.313726    0.000000    0.000000
     treated    0.000000    0.000000    0.000000    0.000000    0.000000    0.000000    0.000000    0.200000    0.000000    0.000000    0.000000    0.000000    0.000000    0.200000    0.000000    0.000000    0.000000    0.000000
 differently    0.000000    0.000000    0.000000    0.000000    0.000000    0.000000    0.000000    0.000000    0.500000    0.000000    0.000000    0.000000    0.000000    0.000000    0.000000    0.000000    0.000000    0.000000
          he    0.041268    0.000000    0.000000    0.000737    0.000000    0.001474    0.000000    0.000000    0.000000    0.000737    0.000000    0.001474    0.000000    0.000000    0.000000    0.000000    0.000000    0.001474
         had    0.000000    0.000000    0.000000    0.003824    0.258126    0.003824    0.000000    0.000000    0.000000    0.000000    0.258126    0.003824    0.000000    0.000000    0.000000    0.000000    0.000000    0.000000
          to    0.012221    0.000000    0.000000    0.000000    0.000000    0.012221    0.000000    0.000000    0.000000    0.000000    0.000000    0.012221    0.000000    0.000000    0.002157    0.000000    0.000000    0.000000
          be    0.000000    0.313726    0.000000    0.000000    0.003268    0.000000    0.313726    0.000000    0.000000    0.000000    0.003268    0.000000    0.313726    0.000000    0.000000    0.313726    0.000000    0.000000
        left    0.000000    0.000000    0.000000    0.000000    0.046512    0.116279    0.000000    0.046512    0.000000    0.000000    0.046512    0.116279    0.000000    0.046512    0.000000    0.000000    0.209302    0.000000
          to    0.012221    0.000000    0.000000    0.000000    0.000000    0.012221    0.000000    0.000000    0.000000    0.000000    0.000000    0.012221    0.000000    0.000000    0.002157    0.000000    0.000000    0.000000
         the    0.010707    0.036403    0.000000    0.000000    0.000428    0.004069    0.036403    0.002355    0.000000    0.000000    0.000428    0.004069    0.036403    0.002355    0.000642    0.036403    0.000214    0.000214
        last    0.000000    0.000000    0.000000    0.000000    0.000000    0.000000    0.000000    0.000000    0.000000    0.000000    0.000000    0.000000    0.000000    0.000000    0.000000    0.000000    0.333333    0.000000

Probability of sentence: 0.000000
Sentence: and now , take it from the start .
Counts: 
                 and       now      take        it      from       the     start

       and         0         3         0        14         0         0         0
       now        12         0         0         3         0         0         0
      take         1         1         0         0         0         0         0
        it        19         1         8         1         6         0         0
      from         2         0         0         3         0         0         0
       the       175         1         4         8        83         1         0
     start         0         0         0         0         0         1         0

Probabilities: 
                 and       now      take        it      from       the     start

       and  0.000000  0.001351  0.000000  0.006303  0.000000  0.000000  0.000000
       now  0.141176  0.000000  0.000000  0.035294  0.000000  0.000000  0.000000
      take  0.021277  0.021277  0.000000  0.000000  0.000000  0.000000  0.000000
        it  0.019329  0.001017  0.008138  0.001017  0.006104  0.000000  0.000000
      from  0.008658  0.000000  0.000000  0.012987  0.000000  0.000000  0.000000
       the  0.037473  0.000214  0.000857  0.001713  0.017773  0.000214  0.000000
     start  0.000000  0.000000  0.000000  0.000000  0.000000  0.333333  0.000000

Probability of sentence: 0.000000
Sentence: yes , sir , john boulnois was going to stay in all this evening ; he fixed up a real good appointment there with me .
Counts: 
                     yes         sir        john    boulnois         was       going          to        stay          in         all        this     evening          he       fixed          up           a        real        good appointment       there        with          me

         yes           1           0           0           0           0           0           0           0           0           0           0           0           0           0           0           0           0           0           0           0           0           0
         sir           1           0           0           0           1           0           1           0           0           0           0           0           0           0           0           0           0           1           0           0           1           0
        john           0           1           0           0           0           0           0           0           0           0           0           0           0           0           0           0           0           0           0           0           0           0
    boulnois           0           0           7           1           0           0           0           0           1           0           0           0           0           0           0           0           0           0           0           0           0           0
         was           0           0           1           5           0           0           1           0           0           1          12           0         167           0           1           0           0           0           0          74           0           4
       going           0           0           0           0           6           0           0           0           0           0           0           0           0           0           0           0           0           0           0           0           0           0
          to           0           0           1           0          11          14           0           0           4           2           1           0           0           0          27           0           0           0           0           0           0          10
        stay           0           0           0           0           0           0           1           0           0           0           0           0           0           0           0           0           0           0           0           0           0           0
          in           0           0           1           1          28           0           1           1           1           3           0           2           0           0          11           0           0           0           0           7           0           3
         all           0           0           0           0           8           0           6           0           9           0           0           0           0           0           1           0           0           0           0           0           5           0
        this           0           0           0           0           3           0           7           0          23          11           0           0           0           0           2           0           0           0           0           0           4           1
     evening           0           0           0           0           0           0           0           0           3           0           7           0           0           0           0           0           0           0           0           0           0           0
          he           1           1           0           0           4           0           0           0           0           5           7           2           0           0           1           0           0           0           0           1           0           5
       fixed           0           0           0           0           2           0           0           0           0           0           0           0           1           0           0           0           0           0           0           0           0           0
          up           0           0           0           0           1           1           0           0           0           0           0           1           0           1           0           0           0           0           0           0           0           0
           a           0           0           0           0         128           0          30           0         143           2           0           1           0           0           8           0           0           0           0           1         150           3
        real           0           0           0           0           0           0           0           0           0           0           0           0           0           0           0           2           0           0           0           0           0           0
        good           0           0           0           0           0           0           1           0           0           0           0           0           0           0           0          17           1           0           0           0           0           0
 appointment           0           0           0           0           0           0           0           0           0           0           0           0           0           0           0           0           0           1           0           0           0           0
       there           0           0           0           0           6           1           0           0           0           0           0           0           0           0           1           0           0           0           1           1           0           1
        with           0           0           0           1           0           1           1           0           2           0           0           0           0           0           4           0           0           0           0           3           0           3
          me           0           0           0           0           0           0          21           0           2           0           0           0           0           0           0           0           0           0           0           0           3           0

Probabilities: 
                     yes         sir        john    boulnois         was       going          to        stay          in         all        this     evening          he       fixed          up           a        real        good appointment       there        with          me

         yes    0.032258    0.000000    0.000000    0.000000    0.000000    0.000000    0.000000    0.000000    0.000000    0.000000    0.000000    0.000000    0.000000    0.000000    0.000000    0.000000    0.000000    0.000000    0.000000    0.000000    0.000000    0.000000
         sir    0.019231    0.000000    0.000000    0.000000    0.019231    0.000000    0.019231    0.000000    0.000000    0.000000    0.000000    0.000000    0.000000    0.000000    0.000000    0.000000    0.000000    0.019231    0.000000    0.000000    0.019231    0.000000
        john    0.000000    0.055556    0.000000    0.000000    0.000000    0.000000    0.000000    0.000000    0.000000    0.000000    0.000000    0.000000    0.000000    0.000000    0.000000    0.000000    0.000000    0.000000    0.000000    0.000000    0.000000    0.000000
    boulnois    0.000000    0.000000    0.134615    0.019231    0.000000    0.000000    0.000000    0.000000    0.019231    0.000000    0.000000    0.000000    0.000000    0.000000    0.000000    0.000000    0.000000    0.000000    0.000000    0.000000    0.000000    0.000000
         was    0.000000    0.000000    0.000873    0.004367    0.000000    0.000000    0.000873    0.000000    0.000000    0.000873    0.010480    0.000000    0.145852    0.000000    0.000873    0.000000    0.000000    0.000000    0.000000    0.064629    0.000000    0.003493
       going    0.000000    0.000000    0.000000    0.000000    0.162162    0.000000    0.000000    0.000000    0.000000    0.000000    0.000000    0.000000    0.000000    0.000000    0.000000    0.000000    0.000000    0.000000    0.000000    0.000000    0.000000    0.000000
          to    0.000000    0.000000    0.000719    0.000000    0.007908    0.010065    0.000000    0.000000    0.002876    0.001438    0.000719    0.000000    0.000000    0.000000    0.019410    0.000000    0.000000    0.000000    0.000000    0.000000    0.000000    0.007189
        stay    0.000000    0.000000    0.000000    0.000000    0.000000    0.000000    0.500000    0.000000    0.000000    0.000000    0.000000    0.000000    0.000000    0.000000    0.000000    0.000000    0.000000    0.000000    0.000000    0.000000    0.000000    0.000000
          in    0.000000    0.000000    0.000798    0.000798    0.022346    0.000000    0.000798    0.000798    0.000798    0.002394    0.000000    0.001596    0.000000    0.000000    0.008779    0.000000    0.000000    0.000000    0.000000    0.005587    0.000000    0.002394
         all    0.000000    0.000000    0.000000    0.000000    0.029304    0.000000    0.021978    0.000000    0.032967    0.000000    0.000000    0.000000    0.000000    0.000000    0.003663    0.000000    0.000000    0.000000    0.000000    0.000000    0.018315    0.000000
        this    0.000000    0.000000    0.000000    0.000000    0.010204    0.000000    0.023810    0.000000    0.078231    0.037415    0.000000    0.000000    0.000000    0.000000    0.006803    0.000000    0.000000    0.000000    0.000000    0.000000    0.013605    0.003401
     evening    0.000000    0.000000    0.000000    0.000000    0.000000    0.000000    0.000000    0.000000    0.100000    0.000000    0.233333    0.000000    0.000000    0.000000    0.000000    0.000000    0.000000    0.000000    0.000000    0.000000    0.000000    0.000000
          he    0.000737    0.000737    0.000000    0.000000    0.002948    0.000000    0.000000    0.000000    0.000000    0.003685    0.005158    0.001474    0.000000    0.000000    0.000737    0.000000    0.000000    0.000000    0.000000    0.000737    0.000000    0.003685
       fixed    0.000000    0.000000    0.000000    0.000000    0.250000    0.000000    0.000000    0.000000    0.000000    0.000000    0.000000    0.000000    0.125000    0.000000    0.000000    0.000000    0.000000    0.000000    0.000000    0.000000    0.000000    0.000000
          up    0.000000    0.000000    0.000000    0.000000    0.005076    0.005076    0.000000    0.000000    0.000000    0.000000    0.000000    0.005076    0.000000    0.005076    0.000000    0.000000    0.000000    0.000000    0.000000    0.000000    0.000000    0.000000
           a    0.000000    0.000000    0.000000    0.000000    0.060038    0.000000    0.014071    0.000000    0.067073    0.000938    0.000000    0.000469    0.000000    0.000000    0.003752    0.000000    0.000000    0.000000    0.000000    0.000469    0.070356    0.001407
        real    0.000000    0.000000    0.000000    0.000000    0.000000    0.000000    0.000000    0.000000    0.000000    0.000000    0.000000    0.000000    0.000000    0.000000    0.000000    0.111111    0.000000    0.000000    0.000000    0.000000    0.000000    0.000000
        good    0.000000    0.000000    0.000000    0.000000    0.000000    0.000000    0.022222    0.000000    0.000000    0.000000    0.000000    0.000000    0.000000    0.000000    0.000000    0.377778    0.022222    0.000000    0.000000    0.000000    0.000000    0.000000
 appointment    0.000000    0.000000    0.000000    0.000000    0.000000    0.000000    0.000000    0.000000    0.000000    0.000000    0.000000    0.000000    0.000000    0.000000    0.000000    0.000000    0.000000    0.250000    0.000000    0.000000    0.000000    0.000000
       there    0.000000    0.000000    0.000000    0.000000    0.022642    0.003774    0.000000    0.000000    0.000000    0.000000    0.000000    0.000000    0.000000    0.000000    0.003774    0.000000    0.000000    0.000000    0.003774    0.003774    0.000000    0.003774
        with    0.000000    0.000000    0.000000    0.001357    0.000000    0.001357    0.001357    0.000000    0.002714    0.000000    0.000000    0.000000    0.000000    0.000000    0.005427    0.000000    0.000000    0.000000    0.000000    0.004071    0.000000    0.004071
          me    0.000000    0.000000    0.000000    0.000000    0.000000    0.000000    0.120690    0.000000    0.011494    0.000000    0.000000    0.000000    0.000000    0.000000    0.000000    0.000000    0.000000    0.000000    0.000000    0.000000    0.017241    0.000000

Probability of sentence: 0.000000
