3.664729424449153612e+02 3.550238026096840827e+02 1.984122061729431152e+01
2.472763170924301903e+02 1.991015177861930852e+02 2.637452783584594727e+02
5.285587433755816846e+02 4.867055739782879868e+02 2.542971189022064209e+02
1.091878616618251499e+03 1.061163557060524454e+03 2.367603676319122314e+02
1.636107332996497462e+03 1.606897423417090522e+03 2.385998449325561523e+02
3.701819219245512045e+02 3.587417820893191447e+02 1.957368307113647461e+02
2.472700656605217375e+02 1.991042663542853575e+02 2.637514496803283691e+03
5.311770604425604461e+02 4.893328910452670470e+02 2.521145304918289185e+03
1.094513795609966337e+03 1.063807736052241580e+03 2.401802989721298218e+03
1.636869714187719637e+03 1.607668804608312257e+03 2.398027010440826416e+03
3.700318222966427584e+02 3.585925824614122917e+02 3.981752332210540771e+03
2.472419947132933373e+02 1.990770954070571577e+02 2.876180863356590271e+04
5.313101556045050984e+02 4.894668862072120419e+02 2.750749792218208313e+04
1.095231834072508491e+03 1.064526674514776687e+03 2.614310166835784912e+04
1.637879755992149740e+03 1.608679746412751456e+03 2.614161604595184326e+04
3.703942434656645446e+02 3.589550536304295747e+02 2.140634477758407593e+04
2.471362709719566624e+02 1.989714216657189070e+02 7.051752429389953613e+04
5.311978525747825870e+02 4.893546331774931559e+02 6.527546206784248352e+04
1.094762303254124618e+03 1.064057193696401782e+03 6.395438954091072083e+04
1.637523293044877619e+03 1.608323333465459200e+03 6.146980293750762939e+04
