3.708459217075317156e+02 3.593967818723007213e+02 1.997381496429443359e+01
2.468160857925418270e+02 1.986412864863049208e+02 2.687252371311187744e+02
5.313592287638468861e+02 4.895060593665531883e+02 2.545634481906890869e+02
1.093055190711041405e+03 1.062340131153314815e+03 2.369496030807495117e+02
1.633799880208446439e+03 1.604589970629039954e+03 2.410533006191253662e+02
3.695867524398692012e+02 3.581466126046374256e+02 1.954016692638397217e+02
2.471377894861765583e+02 1.989719901799391550e+02 2.643019180297851562e+03
5.311651871255280639e+02 4.893210177282351196e+02 2.540216896533966064e+03
1.094674145893173772e+03 1.063968086335446742e+03 2.391203227281570435e+03
1.638801455718284615e+03 1.609600546138878826e+03 2.389487853527069092e+03
3.703330482886487971e+02 3.588938084534177619e+02 3.972087289810180664e+03
2.472880726747912377e+02 1.991231733685541201e+02 2.872560806941986084e+04
5.312049006239345772e+02 4.893616312266425439e+02 2.760243569707870483e+04
1.094650021337145517e+03 1.063944861779418488e+03 2.618593687629699707e+04
1.638055833747142742e+03 1.608855824167739684e+03 2.600315640759468079e+04
3.700880086362549832e+02 3.586488188010235376e+02 2.154013838887214661e+04
2.472645608768864065e+02 1.990997115706491059e+02 7.097479864025115967e+04
5.313865482146105705e+02 4.895433288173247206e+02 6.561238330531120300e+04
1.095021272354843632e+03 1.064316162797126481e+03 6.384817564940452576e+04
1.638023173677492650e+03 1.608823214098076505e+03 6.186355956387519836e+04
