Beginning training...
Done!
Sentence: i do not think this young lady is so celtic as i had supposed .
Counts: 
                   i        do       not     think      this     young      lady        is        so    celtic        as         i       had  supposed

         i         2         2         1        15         2         1         2         4         4         1        28         2         1         1
        do         9         1         2         1         1         1         1         1         2         1         1         9         1         1
       not         1        10         1         1         1         1         1        21         1         1         2         1        16         1
     think        59         1         3         1         1         1         1         1         1         1         1        59         1         1
      this         1         2         3         4         1         1         1         4         2         1         4         1         1         1
     young         1         1         1         1         4         1         1         1         1         1         1         1         1         1
      lady         1         1         1         1         1         9         1         1         1         1         1         1         1         1
        is         1         1         1         1         8         1         2         1         1         1         3         1         1         1
        so         1         3         7         4         2         1         1         9         1         1         1         1         3         1
    celtic         1         1         1         1         1         1         1         1         2         1         1         1         1         1
        as         1         2         2         1         1         1         2         4         4         2         1         1         1         1
         i         2         2         1        15         2         1         2         4         4         1        28         2         1         1
       had        36         1         1         1         1         1         2         1         1         1         1        36         3         1
  supposed         1         1         1         1         1         1         1         1         1         1         1         1         3         1

Probabilities: 
                   i        do       not     think      this     young      lady        is        so    celtic        as         i       had  supposed

         i  0.000227  0.000227  0.000113  0.001699  0.000227  0.000113  0.000227  0.000453  0.000453  0.000113  0.003171  0.000227  0.000113  0.000113
        do  0.001143  0.000127  0.000254  0.000127  0.000127  0.000127  0.000127  0.000127  0.000254  0.000127  0.000127  0.001143  0.000127  0.000127
       not  0.000124  0.001240  0.000124  0.000124  0.000124  0.000124  0.000124  0.002604  0.000124  0.000124  0.000248  0.000124  0.001984  0.000124
     think  0.007499  0.000127  0.000381  0.000127  0.000127  0.000127  0.000127  0.000127  0.000127  0.000127  0.000127  0.007499  0.000127  0.000127
      this  0.000125  0.000249  0.000374  0.000498  0.000125  0.000125  0.000125  0.000498  0.000249  0.000125  0.000498  0.000125  0.000125  0.000125
     young  0.000129  0.000129  0.000129  0.000129  0.000514  0.000129  0.000129  0.000129  0.000129  0.000129  0.000129  0.000129  0.000129  0.000129
      lady  0.000129  0.000129  0.000129  0.000129  0.000129  0.001159  0.000129  0.000129  0.000129  0.000129  0.000129  0.000129  0.000129  0.000129
        is  0.000122  0.000122  0.000122  0.000122  0.000976  0.000122  0.000244  0.000122  0.000122  0.000122  0.000366  0.000122  0.000122  0.000122
        so  0.000126  0.000377  0.000881  0.000503  0.000252  0.000126  0.000126  0.001132  0.000126  0.000126  0.000126  0.000126  0.000377  0.000126
    celtic  0.000129  0.000129  0.000129  0.000129  0.000129  0.000129  0.000129  0.000129  0.000258  0.000129  0.000129  0.000129  0.000129  0.000129
        as  0.000120  0.000239  0.000239  0.000120  0.000120  0.000120  0.000239  0.000478  0.000478  0.000239  0.000120  0.000120  0.000120  0.000120
         i  0.000227  0.000227  0.000113  0.001699  0.000227  0.000113  0.000227  0.000453  0.000453  0.000113  0.003171  0.000227  0.000113  0.000113
       had  0.004358  0.000121  0.000121  0.000121  0.000121  0.000121  0.000242  0.000121  0.000121  0.000121  0.000121  0.004358  0.000363  0.000121
  supposed  0.000129  0.000129  0.000129  0.000129  0.000129  0.000129  0.000129  0.000129  0.000129  0.000129  0.000129  0.000129  0.000387  0.000129

Probability of sentence: 1.467054e-41
Sentence: as to old seymour , he had to be treated differently ; he had to be left to the last .
Counts: 
                      as          to         old     seymour          he         had          to          be     treated differently          he         had          to          be        left          to         the        last

          as           1           1           1           1           1           1           1           3           2           1           1           1           1           3           1           1           1           1
          to          18           1           1           1           1          18           1           1           1           1           1          18           1           1           4           1           1           1
         old           1           4           1           1           1           1           4           1           1           1           1           1           4           1           1           4          34           1
     seymour           1           2           2           1           1           1           2           1           1           1           1           1           2           1           1           2           1           1
          he          57           1           1           2           1           3           1           1           1           2           1           3           1           1           1           1           1           3
         had           1           1           1           3         136           3           1           1           1           1         136           3           1           1           1           1           1           1
          to          18           1           1           1           1          18           1           1           1           1           1          18           1           1           4           1           1           1
          be           1          97           1           1           2           1          97           1           1           1           2           1          97           1           1          97           1           1
     treated           1           1           1           1           1           1           1           2           1           1           1           1           1           2           1           1           1           1
 differently           1           1           1           1           1           1           1           1           2           1           1           1           1           1           1           1           1           1
          he          57           1           1           2           1           3           1           1           1           2           1           3           1           1           1           1           1           3
         had           1           1           1           3         136           3           1           1           1           1         136           3           1           1           1           1           1           1
          to          18           1           1           1           1          18           1           1           1           1           1          18           1           1           4           1           1           1
          be           1          97           1           1           2           1          97           1           1           1           2           1          97           1           1          97           1           1
        left           1           1           1           1           3           6           1           3           1           1           3           6           1           3           1           1          10           1
          to          18           1           1           1           1          18           1           1           1           1           1          18           1           1           4           1           1           1
         the          51         171           1           1           3          20         171          12           1           1           3          20         171          12           4         171           2           2
        last           1           1           1           1           1           1           1           1           1           1           1           1           1           1           1           1          20           1

Probabilities: 
                      as          to         old     seymour          he         had          to          be     treated differently          he         had          to          be        left          to         the        last

          as    0.000120    0.000120    0.000120    0.000120    0.000120    0.000120    0.000120    0.000359    0.000239    0.000120    0.000120    0.000120    0.000120    0.000359    0.000120    0.000120    0.000120    0.000120
          to    0.001972    0.000110    0.000110    0.000110    0.000110    0.001972    0.000110    0.000110    0.000110    0.000110    0.000110    0.001972    0.000110    0.000110    0.000438    0.000110    0.000110    0.000110
         old    0.000127    0.000508    0.000127    0.000127    0.000127    0.000127    0.000508    0.000127    0.000127    0.000127    0.000127    0.000127    0.000508    0.000127    0.000127    0.000508    0.004322    0.000127
     seymour    0.000129    0.000258    0.000258    0.000129    0.000129    0.000129    0.000258    0.000129    0.000129    0.000129    0.000129    0.000129    0.000258    0.000129    0.000129    0.000258    0.000129    0.000129
          he    0.006268    0.000110    0.000110    0.000220    0.000110    0.000330    0.000110    0.000110    0.000110    0.000220    0.000110    0.000330    0.000110    0.000110    0.000110    0.000110    0.000110    0.000330
         had    0.000121    0.000121    0.000121    0.000363    0.016465    0.000363    0.000121    0.000121    0.000121    0.000121    0.016465    0.000363    0.000121    0.000121    0.000121    0.000121    0.000121    0.000121
          to    0.001972    0.000110    0.000110    0.000110    0.000110    0.001972    0.000110    0.000110    0.000110    0.000110    0.000110    0.001972    0.000110    0.000110    0.000438    0.000110    0.000110    0.000110
          be    0.000124    0.012060    0.000124    0.000124    0.000249    0.000124    0.012060    0.000124    0.000124    0.000124    0.000249    0.000124    0.012060    0.000124    0.000124    0.012060    0.000124    0.000124
     treated    0.000129    0.000129    0.000129    0.000129    0.000129    0.000129    0.000129    0.000258    0.000129    0.000129    0.000129    0.000129    0.000129    0.000258    0.000129    0.000129    0.000129    0.000129
 differently    0.000129    0.000129    0.000129    0.000129    0.000129    0.000129    0.000129    0.000129    0.000258    0.000129    0.000129    0.000129    0.000129    0.000129    0.000129    0.000129    0.000129    0.000129
          he    0.006268    0.000110    0.000110    0.000220    0.000110    0.000330    0.000110    0.000110    0.000110    0.000220    0.000110    0.000330    0.000110    0.000110    0.000110    0.000110    0.000110    0.000330
         had    0.000121    0.000121    0.000121    0.000363    0.016465    0.000363    0.000121    0.000121    0.000121    0.000121    0.016465    0.000363    0.000121    0.000121    0.000121    0.000121    0.000121    0.000121
          to    0.001972    0.000110    0.000110    0.000110    0.000110    0.001972    0.000110    0.000110    0.000110    0.000110    0.000110    0.001972    0.000110    0.000110    0.000438    0.000110    0.000110    0.000110
          be    0.000124    0.012060    0.000124    0.000124    0.000249    0.000124    0.012060    0.000124    0.000124    0.000124    0.000249    0.000124    0.012060    0.000124    0.000124    0.012060    0.000124    0.000124
        left    0.000129    0.000129    0.000129    0.000129    0.000386    0.000771    0.000129    0.000386    0.000129    0.000129    0.000386    0.000771    0.000129    0.000386    0.000129    0.000129    0.001285    0.000129
          to    0.001972    0.000110    0.000110    0.000110    0.000110    0.001972    0.000110    0.000110    0.000110    0.000110    0.000110    0.001972    0.000110    0.000110    0.000438    0.000110    0.000110    0.000110
         the    0.004111    0.013783    0.000081    0.000081    0.000242    0.001612    0.013783    0.000967    0.000081    0.000081    0.000242    0.001612    0.013783    0.000967    0.000322    0.013783    0.000161    0.000161
        last    0.000128    0.000128    0.000128    0.000128    0.000128    0.000128    0.000128    0.000128    0.000128    0.000128    0.000128    0.000128    0.000128    0.000128    0.000128    0.000128    0.002566    0.000128

Probability of sentence: 7.640050e-49
Sentence: and now , take it from the start .
Counts: 
                 and       now      take        it      from       the     start

       and         1         4         1        15         1         1         1
       now        13         1         1         4         1         1         1
      take         2         2         1         1         1         1         1
        it        20         2         9         2         7         1         1
      from         3         1         1         4         1         1         1
       the       176         2         5         9        84         2         1
     start         1         1         1         1         1         2         1

Probabilities: 
                 and       now      take        it      from       the     start

       and  0.000100  0.000402  0.000100  0.001506  0.000100  0.000100  0.000100
       now  0.001662  0.000128  0.000128  0.000511  0.000128  0.000128  0.000128
      take  0.000257  0.000257  0.000128  0.000128  0.000128  0.000128  0.000128
        it  0.002294  0.000229  0.001032  0.000229  0.000803  0.000115  0.000115
      from  0.000377  0.000126  0.000126  0.000502  0.000126  0.000126  0.000126
       the  0.014186  0.000161  0.000403  0.000725  0.006770  0.000161  0.000081
     start  0.000129  0.000129  0.000129  0.000129  0.000129  0.000258  0.000129

Probability of sentence: 3.870712e-19
Sentence: yes , sir , john boulnois was going to stay in all this evening ; he fixed up a real good appointment there with me .
Counts: 
                     yes         sir        john    boulnois         was       going          to        stay          in         all        this     evening          he       fixed          up           a        real        good appointment       there        with          me

         yes           2           1           1           1           1           1           1           1           1           1           1           1           1           1           1           1           1           1           1           1           1           1
         sir           2           1           1           1           2           1           2           1           1           1           1           1           1           1           1           1           1           2           1           1           2           1
        john           1           2           1           1           1           1           1           1           1           1           1           1           1           1           1           1           1           1           1           1           1           1
    boulnois           1           1           8           2           1           1           1           1           2           1           1           1           1           1           1           1           1           1           1           1           1           1
         was           1           1           2           6           1           1           2           1           1           2          13           1         168           1           2           1           1           1           1          75           1           5
       going           1           1           1           1           7           1           1           1           1           1           1           1           1           1           1           1           1           1           1           1           1           1
          to           1           1           2           1          12          15           1           1           5           3           2           1           1           1          28           1           1           1           1           1           1          11
        stay           1           1           1           1           1           1           2           1           1           1           1           1           1           1           1           1           1           1           1           1           1           1
          in           1           1           2           2          29           1           2           2           2           4           1           3           1           1          12           1           1           1           1           8           1           4
         all           1           1           1           1           9           1           7           1          10           1           1           1           1           1           2           1           1           1           1           1           6           1
        this           1           1           1           1           4           1           8           1          24          12           1           1           1           1           3           1           1           1           1           1           5           2
     evening           1           1           1           1           1           1           1           1           4           1           8           1           1           1           1           1           1           1           1           1           1           1
          he           2           2           1           1           5           1           1           1           1           6           8           3           1           1           2           1           1           1           1           2           1           6
       fixed           1           1           1           1           3           1           1           1           1           1           1           1           2           1           1           1           1           1           1           1           1           1
          up           1           1           1           1           2           2           1           1           1           1           1           2           1           2           1           1           1           1           1           1           1           1
           a           1           1           1           1         129           1          31           1         144           3           1           2           1           1           9           1           1           1           1           2         151           4
        real           1           1           1           1           1           1           1           1           1           1           1           1           1           1           1           3           1           1           1           1           1           1
        good           1           1           1           1           1           1           2           1           1           1           1           1           1           1           1          18           2           1           1           1           1           1
 appointment           1           1           1           1           1           1           1           1           1           1           1           1           1           1           1           1           1           2           1           1           1           1
       there           1           1           1           1           7           2           1           1           1           1           1           1           1           1           2           1           1           1           2           2           1           2
        with           1           1           1           2           1           2           2           1           3           1           1           1           1           1           5           1           1           1           1           4           1           4
          me           1           1           1           1           1           1          22           1           3           1           1           1           1           1           1           1           1           1           1           1           4           1

Probabilities: 
                     yes         sir        john    boulnois         was       going          to        stay          in         all        this     evening          he       fixed          up           a        real        good appointment       there        with          me

         yes    0.000257    0.000129    0.000129    0.000129    0.000129    0.000129    0.000129    0.000129    0.000129    0.000129    0.000129    0.000129    0.000129    0.000129    0.000129    0.000129    0.000129    0.000129    0.000129    0.000129    0.000129    0.000129
         sir    0.000257    0.000128    0.000128    0.000128    0.000257    0.000128    0.000257    0.000128    0.000128    0.000128    0.000128    0.000128    0.000128    0.000128    0.000128    0.000128    0.000128    0.000257    0.000128    0.000128    0.000257    0.000128
        john    0.000129    0.000258    0.000129    0.000129    0.000129    0.000129    0.000129    0.000129    0.000129    0.000129    0.000129    0.000129    0.000129    0.000129    0.000129    0.000129    0.000129    0.000129    0.000129    0.000129    0.000129    0.000129
    boulnois    0.000128    0.000128    0.001027    0.000257    0.000128    0.000128    0.000128    0.000128    0.000257    0.000128    0.000128    0.000128    0.000128    0.000128    0.000128    0.000128    0.000128    0.000128    0.000128    0.000128    0.000128    0.000128
         was    0.000113    0.000113    0.000225    0.000676    0.000113    0.000113    0.000225    0.000113    0.000113    0.000225    0.001464    0.000113    0.018915    0.000113    0.000225    0.000113    0.000113    0.000113    0.000113    0.008444    0.000113    0.000563
       going    0.000129    0.000129    0.000129    0.000129    0.000900    0.000129    0.000129    0.000129    0.000129    0.000129    0.000129    0.000129    0.000129    0.000129    0.000129    0.000129    0.000129    0.000129    0.000129    0.000129    0.000129    0.000129
          to    0.000110    0.000110    0.000219    0.000110    0.001315    0.001643    0.000110    0.000110    0.000548    0.000329    0.000219    0.000110    0.000110    0.000110    0.003067    0.000110    0.000110    0.000110    0.000110    0.000110    0.000110    0.001205
        stay    0.000129    0.000129    0.000129    0.000129    0.000129    0.000129    0.000258    0.000129    0.000129    0.000129    0.000129    0.000129    0.000129    0.000129    0.000129    0.000129    0.000129    0.000129    0.000129    0.000129    0.000129    0.000129
          in    0.000111    0.000111    0.000222    0.000222    0.003226    0.000111    0.000222    0.000222    0.000222    0.000445    0.000111    0.000334    0.000111    0.000111    0.001335    0.000111    0.000111    0.000111    0.000111    0.000890    0.000111    0.000445
         all    0.000125    0.000125    0.000125    0.000125    0.001124    0.000125    0.000874    0.000125    0.001248    0.000125    0.000125    0.000125    0.000125    0.000125    0.000250    0.000125    0.000125    0.000125    0.000125    0.000125    0.000749    0.000125
        this    0.000125    0.000125    0.000125    0.000125    0.000498    0.000125    0.000996    0.000125    0.002988    0.001494    0.000125    0.000125    0.000125    0.000125    0.000374    0.000125    0.000125    0.000125    0.000125    0.000125    0.000623    0.000249
     evening    0.000129    0.000129    0.000129    0.000129    0.000129    0.000129    0.000129    0.000129    0.000515    0.000129    0.001030    0.000129    0.000129    0.000129    0.000129    0.000129    0.000129    0.000129    0.000129    0.000129    0.000129    0.000129
          he    0.000220    0.000220    0.000110    0.000110    0.000550    0.000110    0.000110    0.000110    0.000110    0.000660    0.000880    0.000330    0.000110    0.000110    0.000220    0.000110    0.000110    0.000110    0.000110    0.000220    0.000110    0.000660
       fixed    0.000129    0.000129    0.000129    0.000129    0.000387    0.000129    0.000129    0.000129    0.000129    0.000129    0.000129    0.000129    0.000258    0.000129    0.000129    0.000129    0.000129    0.000129    0.000129    0.000129    0.000129    0.000129
          up    0.000126    0.000126    0.000126    0.000126    0.000252    0.000252    0.000126    0.000126    0.000126    0.000126    0.000126    0.000252    0.000126    0.000252    0.000126    0.000126    0.000126    0.000126    0.000126    0.000126    0.000126    0.000126
           a    0.000101    0.000101    0.000101    0.000101    0.013071    0.000101    0.003141    0.000101    0.014591    0.000304    0.000101    0.000203    0.000101    0.000101    0.000912    0.000101    0.000101    0.000101    0.000101    0.000203    0.015300    0.000405
        real    0.000129    0.000129    0.000129    0.000129    0.000129    0.000129    0.000129    0.000129    0.000129    0.000129    0.000129    0.000129    0.000129    0.000129    0.000129    0.000387    0.000129    0.000129    0.000129    0.000129    0.000129    0.000129
        good    0.000129    0.000129    0.000129    0.000129    0.000129    0.000129    0.000257    0.000129    0.000129    0.000129    0.000129    0.000129    0.000129    0.000129    0.000129    0.002313    0.000257    0.000129    0.000129    0.000129    0.000129    0.000129
 appointment    0.000129    0.000129    0.000129    0.000129    0.000129    0.000129    0.000129    0.000129    0.000129    0.000129    0.000129    0.000129    0.000129    0.000129    0.000129    0.000129    0.000129    0.000258    0.000129    0.000129    0.000129    0.000129
       there    0.000125    0.000125    0.000125    0.000125    0.000875    0.000250    0.000125    0.000125    0.000125    0.000125    0.000125    0.000125    0.000125    0.000125    0.000250    0.000125    0.000125    0.000125    0.000250    0.000250    0.000125    0.000250
        with    0.000118    0.000118    0.000118    0.000236    0.000118    0.000236    0.000236    0.000118    0.000354    0.000118    0.000118    0.000118    0.000118    0.000118    0.000590    0.000118    0.000118    0.000118    0.000118    0.000472    0.000118    0.000472
          me    0.000126    0.000126    0.000126    0.000126    0.000126    0.000126    0.002781    0.000126    0.000379    0.000126    0.000126    0.000126    0.000126    0.000126    0.000126    0.000126    0.000126    0.000126    0.000126    0.000126    0.000506    0.000126

Probability of sentence: 2.253567e-70
